33 | -4 | 1 | 1.00136e-05
32 | -4 | 2 | 0.000213146
31 | -4 | 5 | 0.000250101
30 | -4 | 6 | 0.000204802
29 | -4 | 13 | 0.000270128
28 | -4 | 14 | 0.000279903
27 | -4 | 27 | 0.000454903
26 | -4 | 82 | 0.000844955
25 | -4 | 238 | 0.00268698
24 | -4 | 1003 | 0.011569
23 | -4 | 1502 | 0.013947
22 | -4 | 4068 | 0.03775
21 | -4 | 9130 | 0.080332
20 | -4 | 98755 | 0.873794
19 | -4 | 127644 | 1.1275
18 | -4 | 267604 | 2.30929
17 | -4 | 1259430 | 10.8036
16 | -4 | 2031924 | 17.8903
15 | -4 | 29501798 | 247.363
14 | -4 | 43574643 | 371.99
13 | -4 | 107642871 | 924.899
Killed
